batch_size	correct	epoch	grad_target_layer	grad_target_layer_alpha	loss	lr	n_samples
510.204	0.41358	1	0.0357913	98.446	1.58593	0.008	50000
510.204	0.58978	2	0.0693109	101.012	1.1317	0.008	50000
510.204	0.67024	3	0.0856115	98.581	0.931019	0.008	50000
510.204	0.71746	4	0.0816318	98.3647	0.807164	0.008	50000
510.204	0.74918	5	0.0751464	93.3025	0.721775	0.008	50000
510.204	0.7741	6	0.0785217	95.1385	0.653737	0.008	50000
510.204	0.79178	7	0.0784214	91.4815	0.60427	0.008	50000
510.204	0.80382	8	0.083845	94.619	0.566983	0.008	50000
510.204	0.81958	9	0.0748985	93.6618	0.52653	0.008	50000
510.204	0.82862	10	0.0735823	91.6625	0.498669	0.008	50000
510.204	0.83992	11	0.0799235	93.3306	0.468062	0.008	50000
510.204	0.84686	12	0.078668	95.3085	0.449048	0.008	50000
510.204	0.85434	13	0.0817795	92.1063	0.430569	0.008	50000
510.204	0.86028	14	0.0757793	91.281	0.411823	0.008	50000
510.204	0.86212	15	0.0809851	91.4493	0.403429	0.008	50000
510.204	0.86986	16	0.0829572	92.5406	0.382629	0.008	50000
510.204	0.87334	17	0.0755564	90.5498	0.375709	0.008	50000
510.204	0.87838	18	0.0791066	90.0399	0.35629	0.008	50000
510.204	0.87978	19	0.0836009	91.8277	0.35227	0.008	50000
510.204	0.88286	20	0.0788871	90.9558	0.341188	0.008	50000
510.204	0.88586	21	0.0783416	92.0036	0.33665	0.008	50000
510.204	0.88844	22	0.081022	90.0692	0.327992	0.008	50000
510.204	0.89094	23	0.083045	90.1086	0.318887	0.008	50000
510.204	0.89342	24	0.0846743	90.5987	0.312131	0.008	50000
510.204	0.8957	25	0.0812222	91.5763	0.305427	0.008	50000
510.204	0.89882	26	0.080879	91.3526	0.296266	0.008	50000
510.204	0.89762	27	0.0826763	88.2432	0.296424	0.008	50000
510.204	0.89872	28	0.080887	89.9092	0.293582	0.008	50000
510.204	0.9034	29	0.0828554	88.4653	0.28485	0.008	50000
510.204	0.90482	30	0.080533	91.5329	0.278965	0.008	50000
510.204	0.906	31	0.0845832	89.5868	0.27833	0.008	50000
510.204	0.90732	32	0.080136	89.588	0.273752	0.008	50000
510.204	0.90908	33	0.0830381	90.6384	0.268456	0.008	50000
510.204	0.90916	34	0.0824349	91.2149	0.264948	0.008	50000
510.204	0.91086	35	0.0780806	90.2135	0.260531	0.008	50000
510.204	0.91286	36	0.0819086	89.6893	0.255557	0.008	50000
510.204	0.91346	37	0.0810088	91.992	0.25722	0.008	50000
510.204	0.91278	38	0.0809793	89.4373	0.253488	0.008	50000
510.204	0.91268	39	0.084933	89.8396	0.255581	0.008	50000
510.204	0.91572	40	0.0855216	89.8446	0.250024	0.008	50000
510.204	0.91656	41	0.0833252	90.1092	0.24351	0.008	50000
510.204	0.91634	42	0.0828745	89.0196	0.246895	0.008	50000
510.204	0.91406	43	0.0840651	87.9536	0.247812	0.008	50000
510.204	0.91964	44	0.0821003	89.8175	0.238754	0.008	50000
510.204	0.92044	45	0.0803665	87.7181	0.237766	0.008	50000
510.204	0.91658	46	0.0834693	88.5774	0.245815	0.008	50000
510.204	0.91792	47	0.0795889	88.9455	0.239948	0.008	50000
510.204	0.92002	48	0.0801285	87.9937	0.234362	0.008	50000
510.204	0.92144	49	0.078848	89.4996	0.229397	0.008	50000
510.204	0.9204	50	0.0797033	88.6803	0.233683	0.008	50000
510.204	0.92144	51	0.0882067	90.6832	0.230092	0.008	50000
510.204	0.92194	52	0.0830363	87.7613	0.229482	0.008	50000
510.204	0.92174	53	0.0865918	88.3523	0.230314	0.008	50000
510.204	0.92286	54	0.0833268	90.0795	0.2268	0.008	50000
510.204	0.92368	55	0.0853354	91.2649	0.223216	0.008	50000
510.204	0.92162	56	0.0890661	91.4226	0.229018	0.008	50000
510.204	0.92482	57	0.0864587	88.5284	0.222703	0.008	50000
510.204	0.92332	58	0.0870556	88.26	0.225148	0.008	50000
510.204	0.92422	59	0.0850068	89.2405	0.220995	0.008	50000
510.204	0.92498	60	0.0861429	88.4823	0.222215	0.008	50000
510.204	0.95794	61	0.0619748	87.3549	0.125154	0.0024	50000
510.204	0.96894	62	0.0631486	88.2234	0.0938037	0.0024	50000
510.204	0.97364	63	0.0597143	86.5216	0.0789465	0.0024	50000
510.204	0.97476	64	0.0620558	87.14	0.0740362	0.0024	50000
510.204	0.97742	65	0.0620996	86.3819	0.0685259	0.0024	50000
510.204	0.97832	66	0.0641006	88.0114	0.0643593	0.0024	50000
510.204	0.97986	67	0.0638054	88.0976	0.0609105	0.0024	50000
510.204	0.9816	68	0.0643705	88.9089	0.0566078	0.0024	50000
510.204	0.98166	69	0.0687761	87.4289	0.0552976	0.0024	50000
510.204	0.9828	70	0.0677912	86.7246	0.0531194	0.0024	50000
510.204	0.9837	71	0.0662889	86.4285	0.0482875	0.0024	50000
510.204	0.98316	72	0.0655777	88.2725	0.0499762	0.0024	50000
510.204	0.98436	73	0.0677433	87.0351	0.0483867	0.0024	50000
510.204	0.984	74	0.0717466	86.7586	0.0481235	0.0024	50000
510.204	0.98548	75	0.0697875	89.1625	0.0446142	0.0024	50000
510.204	0.98492	76	0.072613	86.6905	0.0454383	0.0024	50000
510.204	0.9845	77	0.0735681	87.292	0.0459391	0.0024	50000
510.204	0.98658	78	0.0711924	88.4164	0.0416179	0.0024	50000
510.204	0.98618	79	0.076527	86.9008	0.0417157	0.0024	50000
510.204	0.98554	80	0.0785786	86.3859	0.0424358	0.0024	50000
510.204	0.99262	81	0.0514778	89.5822	0.023951	0.0008	50000
510.204	0.99512	82	0.0458194	88.6354	0.0164394	0.0008	50000
510.204	0.99462	83	0.0506784	87.1436	0.0170508	0.0008	50000
510.204	0.99532	84	0.0487342	88.592	0.015253	0.0008	50000
510.204	0.99676	85	0.0414821	85.7081	0.0113861	0.00024	50000
510.204	0.99776	86	0.0344539	90.5972	0.00952415	0.00024	50000
510.204	0.99792	87	0.0348326	91.2883	0.00839361	0.00024	50000
510.204	0.99798	88	0.034108	89.1206	0.00793677	0.00024	50000
510.204	0.99838	89	0.0292724	89.0348	0.00704743	8e-05	50000
510.204	0.99854	90	0.0277789	89.3063	0.00633615	8e-05	50000
510.204	0.9986	91	0.0263415	90.0954	0.00548532	8e-05	50000
510.204	0.99858	92	0.0271595	90.4251	0.00588955	8e-05	50000
510.204	0.99872	93	0.0244856	89.73	0.00546947	2.4e-05	50000
510.204	0.99902	94	0.0236039	89.8382	0.00506823	2.4e-05	50000
510.204	0.99896	95	0.0249122	89.3245	0.00508647	2.4e-05	50000
510.204	0.9989	96	0.0251376	88.4045	0.0049844	2.4e-05	50000
510.204	0.99878	97	0.0256261	90.6161	0.00513376	8e-06	50000
510.204	0.99888	98	0.0229215	91.0608	0.00463077	8e-06	50000
510.204	0.9987	99	0.024957	91.1531	0.00497332	8e-06	50000
510.204	0.99866	100	0.0252779	90.4075	0.00511321	8e-06	50000
